# SynthLink transfer capture
# protocol=ymodem-g mode=receive link=direct bps=0
# error=block sequence error (YMODEM-G cannot retry)
      0ms tx     1  47
    304ms rx   133  01 00 ff 68 6f 72 6f 73 63 6f 70 2e 61 6e 73 00 32 32 31 37 20 31 35 31 36 30 30 35 33 30 30 30 00 00 00 00 00 00 00 00 00 00 00 00 00 00 00 00 00 00 00 00 00 00 00 00 00 00 00 00 00 00 00 00 00 00 00 00 00 00 00 00 00 00 00 00 00 00 00 00 00 00 00 00 00 00 00 00 00 00 00 00 00 00 00 00 00 00 00 00 00 00 00 00 00 00 00 00 00 00 00 00 00 00 00 00 00 00 00 00 00 00 00 00 00 00 00 00 00 00 00 03 89
    304ms tx     1  06
    304ms tx     1  47
    538ms rx  1024  02 02 fd 1b 5b 30 6d 1b 5b 32 4a 0d 0a 20 1b 5b 33 35 6d c9 cd cd cd cd cd cd cd cd cd cd cd cd cd cd cd cd cd cd cd cd cd cd cd cd cd cd cd 20 20 1b 5b 31 6d 57 68 61 74 27 73 20 59 6f 75 72 20 53 69 67 6e 3f 20 20 1b 5b 30 3b 33 35 6d cd cd cd cd cd cd cd cd cd cd cd cd cd cd cd cd cd cd cd cd cd cd cd cd cd cd cd cd bb 0d 0a 20 ba 20 20 20 20 20 20 20 20 20 20 20 20 20 20 20 20 20 20 20 20 20 20 20 20 20 20 20 20 20 20 20 20 20 20 20 20 20 20 20 20 20 20 20 20 20 20 20 20 20 20 20 20 20 20 20 20 20 20 20 20 20 20 20 20 20 20 20 20 20 20 20 20 20 20 20 20 ba 0d 0a 20 ba 20 20 20 1b 5b 31 3b 33 32 6d 5b 1b 5b 33 35 6d 31 1b 5b 33 32 6d 5d 20 1b 5b 33 35 6d 41 72 69 65 73 20 1b 5b 30 3b 33 35 6d 28 4d 61 72 20 32 31 20 2d 20 41 70 72 20 31 39 29 20 20 20 20 20 20 20 20 20 20 20 20 1b 5b 31 3b 33 32 6d 5b 1b 5b 33 35 6d 32 1b 5b 33 32 6d 5d 20 1b 5b 33 35 6d 54 61 75 72 75 73 20 1b 5b 30 3b 33 35 6d 28 41 70 72 20 32 30 20 2d 20 4d 61 79 20 32 30 29 20 20 20 20 20 20 ba 0d 0a 20 ba 20 20 20 20 20 20 20 1b 5b 31 3b 33 30 6d 2d 20 54 68 65 20 52 61 6d 20 20 20 20 20 20 20 20 20 20 20 20 20 20 20 20 20 20 20 20 20 20 20 20 20 20 20 20 20 20 2d 20 54 68 65 20 42 75 6c 6c 20 20 20 20 20 20 20 20 20 20 20 20 20 20 20 20 20 20 20 20 1b 5b 30 3b 33 35 6d ba 0d 0a 20 ba 20 20 20 20 20 20 20 20 20 20 20 20 20 20 20 20 20 20 20 20 20 20 20 20 20 20 20 20 20 20 20 20 20 20 20 20 20 20 20 20 20 20 20 20 20 20 20 20 20 20 20 20 20 20 20 20 20 20 20 20 20 20 20 20 20 20 20 20 20 20 20 20 20 20 20 20 ba 0d 0a 20 ba 20 20 20 1b 5b 31 3b 33 32 6d 5b 1b 5b 33 35 6d 33 1b 5b 33 32 6d 5d 20 1b 5b 33 35 6d 47 65 6d 69 6e 69 20 1b 5b 30 3b 33 35 6d 28 4d 61 79 20 32 31 20 2d 20 4a 75 6e 20 32 30 29 20 20 20 20 20 20 20 20 20 20 20 1b 5b 31 3b 33 32 6d 5b 1b 5b 33 35 6d 34 1b 5b 33 32 6d 5d 20 1b 5b 33 35 6d 43 61 6e 63 65 72 20 1b 5b 30 3b 33 35 6d 28 4a 75 6e 20 32 31 20 2d 20 4a 75 6c 20 32 32 29 20 20 20 20 20 20 ba 0d 0a 20 ba 20 20 20 20 20 20 20 1b 5b 31 3b 33 30 6d 2d 20 54 68 65 20 54 77 69 6e 73 20 20 20 20 20 20 20 20 20 20 20 20 20 20 20 20 20 20 20 20 20 20 20 20 20 20 20 20 2d 20 54 68 65 20 43 72 61 62 20 20 20 20 20 20 20 20 20 20 20 20 20 20 20 20 20 20 20 20 1b 5b 30 3b 33 35 6d ba 0d 0a 20 ba 20 20 20 20 20 20 20 20 20 20 20 20 20 20 20 20 20 20 20 20 20 20 20 20 20 20 20 20 20 20 20 20 20 20 20 20 20 20 20 20 20 20 20 20 20 20 20 20 20 20 20 20 20 20 20 20 20 20 20 20 20 20 20 20 20 20 20 20 20 20 20 20 20 20 20 20 ba 0d 0a 20 ba 20 20 20 1b 5b 31 3b 33 32 6d 5b 1b 5b 33 35 6d 35 1b 5b 33 32 6d 5d 20 1b 5b 33 35 6d 4c 65 6f 20 1b 5b 30 3b 33 35 6d 28 4a 75 6c 20 32 33 20 2d 20 41 75 67 20 32 32 29 20 20 20 20 20 20 20 20 20 20 20 20 20 20 1b 5b 31 3b 33 32 6d 5b 1b 5b 33 35 6d 36 1b 5b 33 32 6d 5d 20 1b 5b 33 35 6d 56 69 72 67 6f 20 1b 5b 30 3b 33 35 6d 28 41 75 67 20 32 33 20 2d 20 53 65 70 20 32 32 29 20 20 20 20 20 20 20 ba 0d 0a 20 ba 20 20 20 20 20 20 20 1b 5b 31 3b 33 30 6d 2d 20 54 68 65 20 4c 69 6f 6e 20 20 20 20 20 20 20 20 20 20 20 20 20 20 20 20 20 20 20 20 20 20 20 20 20 20 20 20 20 2d 20 54 68 65 20 56 69 72
    540ms rx  1008  67 69 6e 71 10 02 03 fc 20 20 20 20 20 20 20 20 20 20 20 20 20 20 20 20 20 20 1b 5b 30 3b 33 35 6d ba 0d 0a 20 ba 20 20 20 20 20 20 20 20 20 20 20 20 20 20 20 20 20 20 20 20 20 20 20 20 20 20 20 20 20 20 20 20 20 20 20 20 20 20 20 20 20 20 20 20 20 20 20 20 20 20 20 20 20 20 20 20 20 20 20 20 20 20 20 20 20 20 20 20 20 20 20 20 20 20 20 20 ba 0d 0a 20 ba 20 20 20 1b 5b 31 3b 33 32 6d 5b 1b 5b 33 35 6d 37 1b 5b 33 32 6d 5d 20 1b 5b 33 35 6d 4c 69 62 72 61 20 1b 5b 30 3b 33 35 6d 28 53 65 70 20 32 33 20 2d 20 4f 63 74 20 32 32 29 20 20 20 20 20 20 20 20 20 20 20 20 1b 5b 31 3b 33 32 6d 5b 1b 5b 33 35 6d 38 1b 5b 33 32 6d 5d 20 1b 5b 33 35 6d 53 63 6f 72 70 69 6f 20 1b 5b 30 3b 33 35 6d 28 4f 63 74 20 32 33 20 2d 20 4e 6f 76 20 32 31 29 20 20 20 20 20 ba 0d 0a 20 ba 20 20 20 20 20 20 20 1b 5b 31 3b 33 30 6d 2d 20 54 68 65 20 42 61 6c 61 6e 63 65 20 20 20 20 20 20 20 20 20 20 20 20 20 20 20 20 20 20 20 20 20 20 20 20 20 20 2d 20 54 68 65 20 53 63 6f 72 70 69 6f 6e 20 20 20 20 20 20 20 20 20 20 20 20 20 20 20 20 1b 5b 30 3b 33 35 6d ba 0d 0a 20 ba 20 20 20 20 20 20 20 20 20 20 20 20 20 20 20 20 20 20 20 20 20 20 20 20 20 20 20 20 20 20 20 20 20 20 20 20 20 20 20 20 20 20 20 20 20 20 20 20 20 20 20 20 20 20 20 20 20 20 20 20 20 20 20 20 20 20 20 20 20 20 20 20 20 20 20 20 ba 0d 0a 20 ba 20 20 20 1b 5b 31 3b 33 32 6d 5b 1b 5b 33 35 6d 39 1b 5b 33 32 6d 5d 20 1b 5b 33 35 6d 53 61 67 69 74 74 61 72 69 75 73 20 1b 5b 30 3b 33 35 6d 28 4e 6f 76 20 32 32 20 2d 20 44 65 63 20 32 31 29 20 20 20 20 20 20 1b 5b 31 3b 33 32 6d 5b 1b 5b 33 35 6d 30 1b 5b 33 32 6d 5d 20 1b 5b 33 35 6d 43 61 70 72 69 63 6f 72 6e 20 1b 5b 30 3b 33 35 6d 28 44 65 63 20 32 32 20 2d 20 4a 61 6e 20 31 39 29 20 20 20 ba 0d 0a 20 ba 20 20 20 20 20 20 20 1b 5b 31 3b 33 30 6d 2d 20 54 68 65 20 41 72 63 68 65 72 20 20 20 20 20 20 20 20 20 20 20 20 20 20 20 20 20 20 20 20 20 20 20 20 20 20 20 2d 20 54 68 65 20 47 6f 61 74 20 20 20 20 20 20 20 20 20 20 20 20 20 20 20 20 20 20 20 20 1b 5b 30 3b 33 35 6d ba 0d 0a 20 ba 20 20 20 20 20 20 20 20 20 20 20 20 20 20 20 20 20 20 20 20 20 20 20 20 20 20 20 20 20 20 20 20 20 20 20 20 20 20 20 20 20 20 20 20 20 20 20 20 20 20 20 20 20 20 20 20 20 20 20 20 20 20 20 20 20 20 20 20 20 20 20 20 20 20 20 20 ba 0d 0a 20 ba 20 20 20 1b 5b 31 3b 33 32 6d 5b 1b 5b 33 35 6d 41 1b 5b 33 32 6d 5d 20 1b 5b 33 35 6d 41 71 75 61 72 69 75 73 20 1b 5b 30 3b 33 35 6d 28 4a 61 6e 20 32 30 20 2d 20 46 65 62 20 31 38 29 20 20 20 20 20 20 20 20 20 1b 5b 31 3b 33 32 6d 5b 1b 5b 33 35 6d 42 1b 5b 33 32 6d 5d 20 1b 5b 33 35 6d 50 69 73 63 65 73 20 1b 5b 30 3b 33 35 6d 28 46 65 62 20 31 39 20 2d 20 4d 61 72 20 32 30 29 20 20 20 20 20 20 ba 0d 0a 20 ba 20 20 20 20 20 20 20 1b 5b 31 3b 33 30 6d 2d 20 54 68 65 20 57 61 74 65 72 20 42 65 61 72 65 72 20 20 20 20 20 20 20 20 20 20 20 20 20 20 20 20 20 20 20 20 20 2d 20 54 68 65 20 46 69 73 68 20 20 20 20 20 20 20 20 20 20 20 20 20 20 20 20 20 20 20 20 1b 5b 30 3b 33 35 6d ba 0d 0a 20 ba 20 20 20 20 20 20 20 20 20 20 20 20 20 20 20 20 20 20 20 20 20 20 20 20 20
    540ms tx    10  18 18 18 18 18 08 08 08 08 08
